名稱    前景色  背景色  CMD
黑      30      40      0, 0, 0
紅      31      41      128, 0, 0
綠      32      42      0, 128, 0
黃      33      43      128, 128, 0
藍      34      44      0, 0, 128
品紅    35      45      128, 0, 128
青      36      46      0, 128, 128
白      37      47      192, 192, 192
灰      90      100     128, 128, 128
亮紅    91      101     255, 0, 0
亮綠    92      102     0, 255, 0
亮黃    93      103     255, 255, 0
亮藍    94      104     0, 0, 255
亮品紅  95      105     255, 0, 255
亮青    96      106     0, 255, 255
亮白    97      107     255, 255, 255

setColor: \033[前景色;背景色m
clearColor: \033[0m